
 356.3083  54.0770    -32.00
 356.3250  54.0770    -32.00
 356.3416  54.0770    -28.00
 356.3583  54.0770    -26.00
 356.3750  54.0770    -24.00
 356.3916  54.0770    -24.00
 356.4083  54.0770    -22.00
 356.4250  54.0770    -24.00
 356.4417  54.0770    -24.00
 356.4583  54.0770    -26.00
 356.4750  54.0770    -24.00
 356.4916  54.0770    -22.00
 356.5083  54.0770    -21.00
 356.5250  54.0770    -22.00
 356.5417  54.0770    -24.00
 356.5583  54.0770    -22.00
 356.5750  54.0770    -20.00
 356.5916  54.0770    -18.00
 356.6083  54.0770    -18.00
 356.6250  54.0770    -16.00
 356.6416  54.0770    -14.00
 356.6583  54.0770    -10.00
 356.6750  54.0770     -6.00
 356.6917  54.0770     -4.00
 356.7083  54.0770     -5.00
 356.3083  54.0672    -32.00
 356.3250  54.0672    -30.00
 356.3416  54.0672    -28.00
 356.3583  54.0672    -26.00
 356.3750  54.0672    -24.00
 356.3916  54.0672    -24.00
 356.4083  54.0672    -22.00
 356.4250  54.0672    -25.00
 356.4417  54.0672    -24.00
 356.4583  54.0672    -24.00
 356.4750  54.0672    -24.00
 356.4916  54.0672    -24.00
 356.5083  54.0672    -22.00
 356.5250  54.0672    -24.00
 356.5417  54.0672    -24.00
 356.5583  54.0672    -22.00
 356.5750  54.0672    -20.00
 356.5916  54.0672    -18.00
 356.6083  54.0672    -18.00
 356.6250  54.0672    -16.00
 356.6416  54.0672    -14.00
 356.6583  54.0672    -10.00
 356.6750  54.0672     -6.00
 356.6917  54.0672     -4.00
 356.7083  54.0672     -4.00
 356.3083  54.0574    -30.00
 356.3250  54.0574    -30.00
 356.3416  54.0574    -28.00
 356.3583  54.0574    -26.00
 356.3750  54.0574    -26.00
 356.3916  54.0574    -24.00
 356.4083  54.0574    -24.00
 356.4250  54.0574    -24.00
 356.4417  54.0574    -22.00
 356.4583  54.0574    -24.00
 356.4750  54.0574    -24.00
 356.4916  54.0574    -24.00
 356.5083  54.0574    -24.00
 356.5250  54.0574    -24.00
 356.5417  54.0574    -24.00
 356.5583  54.0574    -20.00
 356.5750  54.0574    -19.00
 356.5916  54.0574    -18.00
 356.6083  54.0574    -18.00
 356.6250  54.0574    -16.00
 356.6416  54.0574    -12.00
 356.6583  54.0574     -9.00
 356.6750  54.0574     -6.00
 356.6917  54.0574     -4.00
 356.7083  54.0574     -2.00
 356.3083  54.0477    -30.00
 356.3250  54.0477    -30.00
 356.3416  54.0477    -26.00
 356.3583  54.0477    -27.00
 356.3750  54.0477    -26.00
 356.3916  54.0477    -26.00
 356.4083  54.0477    -24.00
 356.4250  54.0477    -24.00
 356.4417  54.0477    -24.00
 356.4583  54.0477    -24.00
 356.4750  54.0477    -24.00
 356.4916  54.0477    -24.00
 356.5083  54.0477    -24.00
 356.5250  54.0477    -24.00
 356.5417  54.0477    -22.00
 356.5583  54.0477    -20.00
 356.5750  54.0477    -20.00
 356.5916  54.0477    -20.00
 356.6083  54.0477    -18.00
 356.6250  54.0477    -17.00
 356.6416  54.0477    -14.00
 356.6583  54.0477    -10.00
 356.6750  54.0477     -8.00
 356.6917  54.0477     -6.00
 356.7083  54.0477     -4.00
 356.3083  54.0379    -30.00
 356.3250  54.0379    -30.00
 356.3416  54.0379    -26.00
 356.3583  54.0379    -26.00
 356.3750  54.0379    -26.00
 356.3916  54.0379    -26.00
 356.4083  54.0379    -26.00
 356.4250  54.0379    -26.00
 356.4417  54.0379    -24.00
 356.4583  54.0379    -22.00
 356.4750  54.0379    -22.00
 356.4916  54.0379    -22.00
 356.5083  54.0379    -22.00
 356.5250  54.0379    -22.00
 356.5417  54.0379    -20.00
 356.5583  54.0379    -20.00
 356.5750  54.0379    -20.00
 356.5916  54.0379    -20.00
 356.6083  54.0379    -18.00
 356.6250  54.0379    -18.00
 356.6416  54.0379    -16.00
 356.6583  54.0379    -12.00
 356.6750  54.0379    -10.00
 356.6917  54.0379     -8.00
 356.7083  54.0379     -4.00
 356.3083  54.0281    -31.00
 356.3250  54.0281    -30.00
 356.3416  54.0281    -26.00
 356.3583  54.0281    -26.00
 356.3750  54.0281    -26.00
 356.3916  54.0281    -26.00
 356.4083  54.0281    -26.00
 356.4250  54.0281    -26.00
 356.4417  54.0281    -24.00
 356.4583  54.0281    -23.00
 356.4750  54.0281    -20.00
 356.4916  54.0281    -20.00
 356.5083  54.0281    -20.00
 356.5250  54.0281    -19.00
 356.5417  54.0281    -18.00
 356.5583  54.0281    -18.00
 356.5750  54.0281    -20.00
 356.5916  54.0281    -20.00
 356.6083  54.0281    -18.00
 356.6250  54.0281    -18.00
 356.6416  54.0281    -16.00
 356.6583  54.0281    -14.00
 356.6750  54.0281    -12.00
 356.6917  54.0281     -8.00
 356.7083  54.0281     -6.00
 356.3083  54.0183    -30.00
 356.3250  54.0183    -28.00
 356.3416  54.0183    -26.00
 356.3583  54.0183    -26.00
 356.3750  54.0183    -26.00
 356.3916  54.0183    -26.00
 356.4083  54.0183    -26.00
 356.4250  54.0183    -26.00
 356.4417  54.0183    -24.00
 356.4583  54.0183    -22.00
 356.4750  54.0183    -20.00
 356.4916  54.0183    -20.00
 356.5083  54.0183    -20.00
 356.5250  54.0183    -18.00
 356.5417  54.0183    -18.00
 356.5583  54.0183    -19.00
 356.5750  54.0183    -18.00
 356.5916  54.0183    -18.00
 356.6083  54.0183    -18.00
 356.6250  54.0183    -16.00
 356.6416  54.0183    -16.00
 356.6583  54.0183    -17.00
 356.6750  54.0183    -14.00
 356.6917  54.0183    -10.00
 356.7083  54.0183     -8.00
 356.3083  54.0085    -28.00
 356.3250  54.0085    -26.00
 356.3416  54.0085    -26.00
 356.3583  54.0085    -26.00
 356.3750  54.0085    -26.00
 356.3916  54.0085    -28.00
 356.4083  54.0085    -28.00
 356.4250  54.0085    -28.00
 356.4417  54.0085    -26.00
 356.4583  54.0085    -24.00
 356.4750  54.0085    -20.00
 356.4916  54.0085    -20.00
 356.5083  54.0085    -18.00
 356.5250  54.0085    -18.00
 356.5417  54.0085    -18.00
 356.5583  54.0085    -18.00
 356.5750  54.0085    -18.00
 356.5916  54.0085    -18.00
 356.6083  54.0085    -18.00
 356.6250  54.0085    -16.00
 356.6416  54.0085    -16.00
 356.6583  54.0085    -16.00
 356.6750  54.0085    -14.00
 356.6917  54.0085    -12.00
 356.7083  54.0085    -10.00
 356.3083  53.9987    -28.00
 356.3250  53.9987    -27.00
 356.3416  53.9987    -26.00
 356.3583  53.9987    -26.00
 356.3750  53.9987    -26.00
 356.3916  53.9987    -28.00
 356.4083  53.9987    -28.00
 356.4250  53.9987    -28.00
 356.4417  53.9987    -26.00
 356.4583  53.9987    -24.00
 356.4750  53.9987    -21.00
 356.4916  53.9987    -20.00
 356.5083  53.9987    -18.00
 356.5250  53.9987    -18.00
 356.5417  53.9987    -18.00
 356.5583  53.9987    -18.00
 356.5750  53.9987    -18.00
 356.5916  53.9987    -18.00
 356.6083  53.9987    -18.00
 356.6250  53.9987    -16.00
 356.6416  53.9987    -16.00
 356.6583  53.9987    -16.00
 356.6750  53.9987    -16.00
 356.6917  53.9987    -14.00
 356.7083  53.9987    -12.00
 356.3083  53.9889    -30.00
 356.3250  53.9889    -28.00
 356.3416  53.9889    -26.00
 356.3583  53.9889    -26.00
 356.3750  53.9889    -25.00
 356.3916  53.9889    -26.00
 356.4083  53.9889    -26.00
 356.4250  53.9889    -28.00
 356.4417  53.9889    -26.00
 356.4583  53.9889    -26.00
 356.4750  53.9889    -22.00
 356.4916  53.9889    -20.00
 356.5083  53.9889    -18.00
 356.5250  53.9889    -18.00
 356.5417  53.9889    -18.00
 356.5583  53.9889    -18.00
 356.5750  53.9889    -19.00
 356.5916  53.9889    -18.00
 356.6083  53.9889    -18.00
 356.6250  53.9889    -16.00
 356.6416  53.9889    -17.00
 356.6583  53.9889    -16.00
 356.6750  53.9889    -16.00
 356.6917  53.9889    -14.00
 356.7083  53.9889    -14.00